,pred:1,pred:3,pred:2
true:1,219,2,3
true:3,8,63,1
true:2,9,2,52
